123123
12323212
123212234421123123
12323212
123212234421123123
12323212
123212234421123123
12323212
123212234421123123
12323212
123212234421123123
12323212
123212234421123123
12323212
123212234421123123
12323212
123212234421123123
12323212
123212234421123123
12323212
123212234421123123
12323212
123212234421123123
12323212
123212234421123123
12323212
123212234421123123
12323212
123212234421123123
12323212
123212234421123123
12323212
123212234421123123
12323212
123212234421123123
12323212
123212234421123123
12323212
123212234421123123
12323212
123212234421123123
12323212
123212234421123123
12323212
123212234421123123
12323212
123212234421123123
12323212
123212234421123123
12323212
123212234421123123
12323212
123212234421123123
12323212
123212234421123123
12323212
123212234421123123
12323212
123212234421123123
12323212
123212234421123123
12323212
123212234421123123
12323212
123212234421123123
12323212
123212234421123123
12323212
123212234421123123
12323212
123212234421123123
12323212
123212234421123123
12323212
123212234421123123
12323212
123212234421123123
12323212
123212234421123123
12323212
123212234421123123
12323212
123212234421123123
12323212
123212234421123123
12323212
123212234421123123
12323212
123212234421123123
12323212
123212234421123123
12323212
123212234421123123
12323212
123212234421123123
12323212
123212234421123123
12323212
123212234421123123
12323212
123212234421123123
12323212
123212234421123123
12323212
123212234421123123
12323212
123212234421123123
12323212
123212234421123123
12323212
123212234421123123
12323212
123212234421123123
12323212
123212234421123123
12323212
123212234421123123
12323212
123212234421123123
12323212
123212234421123123
12323212
123212234421123123
12323212
123212234421123123
12323212
123212234421123123
12323212
123212234421123123
12323212
123212234421123123
12323212
123212234421123123
12323212
123212234421123123
12323212
123212234421123123
12323212
123212234421123123
12323212
123212234421123123
12323212
123212234421123123
12323212
123212234421123123
12323212
123212234421123123
12323212
123212234421123123
12323212
123212234421123123
12323212
123212234421123123
12323212
123212234421123123
12323212
123212234421123123
12323212
123212234421123123
12323212
123212234421123123
12323212
123212234421123123
12323212
123212234421123123
12323212
123212234421123123
12323212
123212234421123123
12323212
123212234421123123
12323212
123212234421123123
12323212
123212234421123123
12323212
123212234421123123
12323212
123212234421123123
12323212
123212234421123123
12323212
123212234421123123
12323212
123212234421123123
12323212
123212234421123123
12323212
123212234421123123
12323212
123212234421123123
12323212
123212234421123123
12323212
123212234421123123
12323212
123212234421123123
12323212
123212234421123123
12323212
123212234421123123
12323212
123212234421123123
12323212
123212234421123123
12323212
123212234421123123
12323212
123212234421123123
12323212
123212234421123123
12323212
123212234421123123
12323212
123212234421123123
12323212
123212234421123123
12323212
123212234421123123
12323212
123212234421123123
12323212
123212234421123123
12323212
123212234421123123
12323212
123212234421123123
12323212
123212234421123123
12323212
123212234421123123
12323212
123212234421123123
12323212
123212234421123123
12323212
123212234421123123
12323212
123212234421123123
12323212
123212234421123123
12323212
123212234421123123
12323212
123212234421123123
12323212
123212234421
